
coeff =

   0.500000000000000

stop, gap
pi: 10000
    11    13    15

fix: 2187680
     5.919227363700000e+03

33 	 0.00 	 5 	 4719194.69 	 4714783.26 	 0.02 
-----------------------

coeff =

   0.600000000000000

stop, gap
pi: 10000
    11    13    15

fix: 2187680
     5.919227363700000e+03

33 	 0.00 	 5 	 5224313.78 	 5219156.98 	 0.03 
-----------------------

coeff =

   0.700000000000000

stop, gap
pi: 10000
    11    13    14    15

fix: 3124950
     1.302230020014000e+02

33 	 0.00 	 5 	 5703477.68 	 5698005.40 	 0.03 
-----------------------

coeff =

   0.800000000000000

stop, gap
pi: 10000
    11    13    14    15

fix: 3124950
     1.302230020014000e+02

33 	 0.00 	 5 	 6071820.17 	 6065904.56 	 0.03 
-----------------------

coeff =

   0.900000000000000

stop, gap
pi: 10000
    11    13    14    15

fix: 3124950
     1.302230020014000e+02

33 	 0.00 	 5 	 6440162.67 	 6434001.36 	 0.02 
-----------------------

coeff =

     1

stop, gap
pi: 10000
    11    13    14    15

fix: 3124950
     1.302230020014000e+02

33 	 0.00 	 5 	 6808505.16 	 6802952.06 	 0.02 
-----------------------

coeff =

   1.100000000000000

stop, gap
pi: 10000
    11    13    14    15

fix: 3124950
     1.302230020014000e+02

33 	 0.00 	 5 	 7176847.65 	 7170000.03 	 0.01 
-----------------------

coeff =

   1.200000000000000

stop, gap
pi: 10000
    11    13    14    15

fix: 3124950
     1.302230020014000e+02

33 	 0.00 	 5 	 7545190.15 	 7537849.50 	 0.01 
-----------------------

coeff =

   1.300000000000000

stop, gap
pi: 10000
    11    13    14    15

fix: 3124950
     1.302230020014000e+02

33 	 0.00 	 5 	 7913532.64 	 7906455.12 	 0.01 
-----------------------

coeff =

   1.400000000000000

stop, gap
pi: 10000
    11    13    14    15

fix: 3124950
     1.302230020014000e+02

33 	 0.00 	 5 	 8281875.13 	 8273782.81 	 0.02 
-----------------------

coeff =

   1.500000000000000

stop, gap
pi: 10000
    11    13    14    15

fix: 3124950
     1.302230020014000e+02

33 	 0.00 	 5 	 8650217.63 	 8641574.16 	 0.01 
-----------------------

coeff =

   1.600000000000000

stop, gap
pi: 10000
    11    13    14    15

fix: 3124950
     1.302230020014000e+02

33 	 0.00 	 5 	 9018560.12 	 9009716.27 	 0.02 
-----------------------

coeff =

   1.700000000000000

stop, gap
pi: 10000
    11    12    13    14    15

fix: 4319380
     1.475497503422000e+02

33 	 0.00 	 5 	 9360502.47 	 9351399.58 	 0.04 
-----------------------

coeff =

   1.800000000000000

stop, gap
pi: 10000
     2    11    12    13    14    15

fix: 5436860
     2.869202981978000e+02

33 	 0.00 	 5 	 9629435.45 	 9619932.89 	 0.02 
-----------------------

coeff =

   1.900000000000000

stop, gap
pi: 10000
     2    11    12    13    14    15

fix: 5436860
     2.869202981978000e+02

33 	 0.00 	 5 	 9862340.37 	 9852610.69 	 0.03 
-----------------------

coeff =

     2

stop, gap
pi: 10000
     2    11    12    13    14    15

fix: 5436860
     2.869202981978000e+02

33 	 0.00 	 5 	 10095245.29 	 10085254.99 	 0.05 
-----------------------
