10000,10000,10000,10000,10000,10000,10000,10000,10000,10000,10000,10000,10000,10000,10000,10000,10000,10000,10000,10000,10000,10000,10000,10000,10000,10000,10000,10000,10000,10000,10000,10000,10000,10000,10000,10000,10000,10000,10000,10000,10000,10000,10000,10000,10000,10000,10000,10000,10000,10000,10000,10000,10000,10000,10000,10000,10000,10000,10000,10000,10000,10000,10000,10000,10000,10000,10000,10000,10000,10000,10000,10000,10000,10000,10000,10000,10000,10000,10000,10000,10000,10000,10000,10000,10000,10000,10000,10000,10000,10000,10000,10000,10000,10000,10000,10000,10000,10000,10000,10000,10000,10000,10000,10000,10000,10000,10000,10000,10000,10000,10000,10000,10000,10000,10000,10000,10000,10000,10000,10000,10000,10000,10000,10000,10000,10000,10000,10000,10000,10000,10000,10000,10000,10000,10000,10000,10000,10000,10000,10000,10000,10000,10000,10000,10000,10000,10000,10000,10000,10000,10000
10000,0,2947.19,860.93,1703.61,93.15,2912.08,585.51,1644.9,2568.1,1898.97,3061.66,203.86,775.3,3091.08,1001.7,574.04,887.02,1145.55,244.31,228.26,2888.18,2276.89,487.8,1389.35,912.46,1949.31,1814.08,1592.27,2930.56,1314.2,2942.37,2542.17,1052.45,639.01,896.94,353.05,2173.99,3071.37,380.35,3002.92,1224.37,1472.15,683.11,1308.24,2949.48,1378.63,606.73,355.12,1519.32,2926.73,2551.59,1959.47,1203.73,14.99,1214.75,781.28,2922.62,1034.27,1670.74,344.37,2681.3,1918.86,1223.89,306.82,8.24,2889.35,707.84,476.02,1941.39,1431.31,3009.27,505.59,345.36,1481.82,1283.01,1259.57,1228.28,1424.66,972.54,747.43,23.44,1303.41,1071.18,1928.35,539.27,652.81,2936.17,1631.7,2935.11,2613.22,2898.04,1301.3,2943.7,3064.28,702.1,250.03,341.02,187.6,757.42,2998.63,1127.88,2876.04,238.86,184.12,2367.76,966.47,1869.61,148.31,1654.45,873.01,364.57,1325.1,1406.06,1277.65,2574.86,582.89,558.32,2930.14,2994.64,2564.58,63.5,24.42,632.39,1277.36,120.15,947.23,861.95,505.48,2913.04,2877.38,336.31,2898.59,2952.14,2908.2,2928.46,83.05,2550.56,1633.28,2908.52,677.77,1965.6,2934.64,899.07,2582.7,1095.16,2679.4,2052.48,1287.12,1387.2,1695.76
10000,2947.19,0,2094.92,1655.66,2876.16,139.1,2380.03,1498.44,439.14,1452.32,351.55,2786.65,2176.54,412.82,2583.05,2377.86,2093.93,1933.51,2763.3,3119.66,1146.62,853.1,2463.01,2021.77,2141.59,1010.79,1480.6,1424.73,984.84,1635.76,31.89,545.45,1909.51,2549.06,2327.24,2847.48,808.09,396.89,2568.41,421.93,1831.32,1531.22,2280.6,2812.75,240.12,1579.05,2345.97,2640.97,1442.44,47.91,463.31,990.26,2589.25,2932.6,1839.87,2201.54,43.43,2169.25,1475.19,2832.05,277.18,1589.77,2584.13,2717.24,2939.46,71.1,2285.54,2471.73,1017.36,1930.7,374.1,2686.12,2745.03,1706.96,1955.73,2133.96,1729.79,1528.77,2009.79,2230.82,2950.55,2804.03,2223.67,1138.33,2605.45,2300.68,44.54,1506.22,12.09,1126.01,1118.38,1777.97,110.91,371.89,2245.88,2757.97,2812.64,3071.55,2332.49,341.46,2649.81,76.83,2806.03,3097.73,697.7,2165.57,1133.9,3027.42,1483.65,2253.93,2830.79,1624.72,2006.55,2805.66,429.76,2385.34,2576.25,41.59,55.51,450.7,2991.16,2932.22,2349.54,1706.76,3020.03,2016.53,2581.74,2667.13,155.19,459.56,2827.3,55.51,23.5,44.84,19.13,3007.43,451.43,1496.31,105.73,2294.49,994.31,17.92,2084.29,799.67,2400.27,275.8,1450.71,2807.58,1562.29,1674.57
10000,860.93,2094.92,0,1125.57,800,2068.22,285.46,958.46,1733.76,1256.65,2200.74,727.88,196.25,2230.29,1034.97,331.77,103.13,578.05,715.83,1024.75,2078.89,1489.45,373.17,987.45,473.3,1090.39,1168.28,826.04,2102.17,488.01,2091.81,1724.07,310.89,706.97,702.58,857.22,1345.85,2210.53,494.89,2142.46,424.33,710.39,300.28,1426.29,2089.27,518.64,254.2,547.39,704.54,2076.87,1719.36,1104.72,1203.18,846.03,415.9,323.9,2072.33,691.39,979.91,837.73,1825.58,1339.89,1216.16,624.91,852.92,2039.45,375.45,387.99,1082.75,971.67,2148.41,766.43,742.19,874.74,806.45,925.66,367.77,566.65,146.5,155.31,861.68,1417.45,791.63,1153.15,695.56,277.48,2086.29,944.91,2082.84,1803.64,2085.04,663.29,2086.67,2203.36,170.39,711.61,815.9,976.63,542.49,2137.7,1184.37,2025.46,712.61,1003.37,1507.56,595.14,1067.11,932.64,962.47,583.03,845.3,497.83,995.67,1399.37,1739.77,291.27,674.03,2079.96,2140.92,1731.91,900.1,843.85,263.32,525.5,926.02,92.14,921.55,744.9,2070.42,2017.62,829.31,2047.84,2101.09,2057.18,2076.42,915.49,1715.78,940.69,2062.16,205.19,1106.77,2083.07,319.58,1736.08,970.44,1824.22,1429.93,1407.54,555.74,1126.56
10000,1703.61,1655.66,1125.57,0,1612.12,1558.61,1328.05,269.2,1216.82,226.22,1924.95,1501.83,1040.17,1978.36,985.85,1193.29,1207.18,580.81,1464.05,1926.77,2267.36,805.2,1337,392.83,799.32,1049.71,175.37,495.25,2198.82,777.67,1635.72,1119.28,815.09,1111.44,840.3,1456.93,901.88,1956.81,1365.82,1923.67,1267.35,528.58,1074.1,1160.46,1782.9,954.07,1264.06,1544.48,670.26,1616.25,1192.44,989.07,948.47,1692.61,1267.4,963.89,1616.43,681.22,272.19,1448.99,1475.69,220.06,940.69,1617.9,1698.28,1584.85,1016.53,1322.39,1040.28,310.79,1901.71,1267.14,1390.5,250.89,424.3,528.18,986.25,920.23,1173.21,1270.22,1717.92,1152,680.89,555.92,1200.72,1124.95,1624.55,275.01,1645.49,2043.38,2257.01,462.51,1709.47,1938.11,1163.53,1458.12,1436.26,1880.56,947.39,1875.97,1019.59,1579.66,1683.78,1886.58,1440.31,737.8,636.42,1834.65,279.6,833.39,1438.61,776.57,374.98,1155.42,1226.29,1337.86,1174.32,1621.9,1711.16,1204.98,1764.34,1700.08,1344.99,632.74,1813.84,1119.13,1030.54,1255.16,1551.39,1844.87,1449.24,1600.17,1648.47,1610.83,1637.53,1784.06,1205.42,288.31,1573.11,1292.18,1055.3,1638.39,868.5,1789.85,798.27,1467.18,351.04,1156.65,768.86,19.14
10000,93.15,2876.16,800,1612.12,0,2838.16,534.44,1557.52,2492.23,1808.83,2998.3,110.92,700.31,3029.02,915.07,498.61,834.75,1056.93,151.16,321.35,2848.25,2194.66,428.7,1296.24,823.23,1883.15,1724.3,1510.41,2885.47,1240.99,2870.65,2463.36,974.59,546.73,803.79,277.28,2097.58,3009.1,308.58,2941.8,1179.22,1390.65,602.92,1231.12,2884.01,1314.52,547.15,332.69,1443.07,2854.76,2475.31,1890.73,1118.33,85,1169.65,697.66,2850.81,941.51,1583.47,265.63,2612.18,1826.93,1138.38,303.94,89.33,2817.42,621.97,412.03,1875,1338.53,2946.9,416.48,254.96,1391.98,1190.92,1166.43,1165.21,1358.89,919.13,697.29,111.64,1225.96,978.04,1845.85,447,576.57,2864.2,1544.4,2864.1,2572.77,2857.19,1213.86,2875.17,3001.42,636.17,156.88,258.95,279.83,665.33,2935.49,1044.4,2804.39,259.25,277.14,2307.24,874.62,1790.22,238.48,1567.31,780.71,286.29,1251.97,1312.97,1200.38,2499.14,533.21,465.57,2858.28,2924.24,2488.36,156.38,97.04,586.84,1196.78,211.8,888.66,773.99,415.19,2838.78,2817.45,256.45,2826.98,2880.61,2836.69,2857.35,176.08,2474.81,1546.26,2835.37,627.18,1899.33,2863.34,816.27,2530.96,1004.08,2609.99,1961.37,1209.89,1314.3,1604.08
10000,2912.08,139.1,2068.22,1558.61,2838.16,0,2353.64,1417.25,356.54,1349.22,490.65,2745.46,2137.9,551.88,2502.85,2339.63,2074.24,1869.49,2720.37,3091.54,1270.51,753.43,2431.75,1932.52,2084.07,1000.44,1383.24,1362.03,1112.34,1597.88,107.5,439.55,1865.83,2489.09,2259.09,2795.93,747.16,535.98,2532.02,558.86,1829.54,1473.08,2238.33,2718.65,375.24,1558.05,2316.19,2615.59,1396.62,92.27,377.96,969.97,2499.7,2897.68,1837.72,2154.69,99.05,2098.62,1393.09,2781.17,310.01,1480.19,2493.72,2692.83,2904.5,95.06,2237.78,2438.53,1005.87,1841.93,511.86,2629.75,2696.22,1626.13,1876.88,2049.25,1707.36,1505.7,1991.55,2208.78,2916.57,2710.1,2147.95,1059.71,2549.68,2261.6,94.57,1425.91,136.81,1231.98,1243.03,1711.02,246.79,510.99,2213.7,2714.92,2762.27,3043.09,2274.78,479.07,2563.29,110.37,2780.82,3067.55,744.81,2100.74,1070.05,2998.28,1402.74,2191.42,2778.9,1586.97,1916.73,2712.75,348.18,2359.46,2520.41,98.2,183.77,364.6,2958.23,2898.07,2326.62,1655.19,2989.48,1993.35,2508.49,2611.32,16.72,585.68,2776.9,107.79,118.8,111.86,131.37,2975.03,372.11,1416.79,36.1,2270.47,984.2,123.7,2036.3,896.71,2318.19,303.4,1336.61,2714.31,1524.92,1577.29
10000,585.51,2380.03,285.46,1328.05,534.44,2353.64,0,1196.51,2018.38,1484.65,2480.37,480.52,287.89,2508.46,1003.57,198.63,301.58,750.05,479.12,739.75,2315.83,1764.29,115.42,1117.77,566.51,1373.99,1395.96,1089.96,2351.12,767.67,2377.1,2006.2,546.7,613.46,719.87,649.56,1629.24,2488.95,252.45,2419.54,645.44,970.91,282.98,1390.96,2371.03,802.22,66.54,262.13,982.67,2362.21,2003.71,1389.77,1196.66,570.52,635.92,382.98,2357.64,772.79,1219.97,629.29,2110.1,1547.46,1212.99,340.12,577.34,2324.8,369.97,145.71,1366.53,1123.74,2426.99,614.32,538.03,1080.49,955.98,1025.32,651.12,851.36,387.03,162.87,583.93,1383.06,857.35,1423.02,563.31,226.49,2371.62,1182.81,2367.95,2040.19,2324.24,872.61,2370.68,2482.44,166.33,476.21,607.98,691.82,534.1,2417.14,1156.51,2310.75,427.27,719.6,1784.27,676.08,1344.07,648.26,1202.6,622.4,641.76,777.92,1129.73,1361.51,2024.48,10.18,551.67,2365.28,2425.8,2016.32,620.04,566.74,64.1,777.54,642.81,365.44,868.59,594.97,2355.8,2293.23,619.28,2333.12,2386.33,2342.43,2361.56,634.51,2000.44,1180.6,2347.62,92.77,1390.42,2368.26,460.46,1997.96,991.91,2108.88,1653.87,1370.52,837.47,1325.84
10000,1644.9,1498.44,958.46,269.2,1557.52,1417.25,1196.51,0,1062.99,302.8,1737.61,1450.99,914.88,1787.48,1085.72,1094.29,1026.46,502.8,1417.2,1858.33,2017.72,681.8,1227.24,533.73,737.04,791.7,217.68,227.53,1957.93,545.33,1482.25,988.24,653.47,1111.96,858.94,1445.82,704.41,1765.77,1281.55,1725.02,1033.65,282.53,975.32,1328.98,1598.21,704.1,1137.25,1435.75,407.65,1463.34,1040.29,735.6,1096.42,1632.41,1034.84,868.91,1462.27,694.23,26.41,1434.52,1290.25,423.48,1092.98,1512.9,1638.63,1429.29,937.53,1219.01,781.96,443.1,1707.92,1263.43,1362.58,208.89,459.96,636.39,757.25,665.24,978.99,1111.32,1656.08,1319.87,733.06,360.29,1188.34,1018.81,1472.21,13.7,1487.44,1786.54,2008.85,343.66,1538.58,1748.94,1030.42,1411.29,1418.65,1810.35,915.27,1684.52,1152.81,1421.61,1587.6,1822.61,1202.25,716.46,400.54,1763.73,15.05,813.45,1427.72,541.98,520.67,1318.77,1071.94,1205.63,1159.75,1468.49,1553.22,1053.52,1701.97,1637.56,1201.77,434.87,1746.41,933.96,1095.34,1247.85,1412.49,1635.8,1432.69,1443.3,1494.49,1453.98,1479.62,1721.15,1049.02,21.03,1426.47,1145.24,798.61,1482.01,756.99,1546.51,901.94,1283.05,477.55,1321.63,522.76,283.85
10000,2568.1,439.14,1733.76,1216.82,2492.23,356.54,2018.38,1062.99,0,1016.1,730.07,2397.57,1792.86,788.54,2148.67,1994.42,1747.16,1513.28,2371.45,2752.87,1332.06,417.35,2091.82,1583.28,1729.2,703.55,1041.92,1006.44,1200.76,1255.51,420.57,138.62,1518.02,2133.37,1902.55,2442.65,395.06,768.01,2187.75,754.48,1527.84,1118.72,1890.57,2373.64,587.96,1233.41,1977.9,2280.47,1049.16,401.37,25.13,658.28,2150.81,2553.87,1535.38,1804.33,400.88,1742.16,1039.22,2428.16,307.71,1158.63,2145.49,2358.43,2560.65,368.64,1886.79,2096.96,706.81,1492.3,721.17,2274.89,2344.2,1271.86,1522,1697.07,1379.65,1179.13,1666.63,1878.46,2573.44,2364.93,1792.27,704.18,2195.04,1915.95,410.03,1071.3,428.79,1218.07,1309.69,1354.56,497.21,746.23,1873.61,2365.92,2409.5,2704.22,1919.72,691.16,2212.33,362.89,2445.43,2727.18,599.92,1744.38,714.66,2658.92,1048.36,1835.34,2425.49,1244.78,1567.92,2366.65,9.63,2024.67,2165.77,406.75,494.58,16.07,2615.84,2554.84,1994.9,1303.3,2648.95,1662.9,2152.39,2256.63,353.66,716.22,2424.11,383.62,433.1,394.31,420.84,2633.03,18.27,1061.88,363.61,1937.83,688.46,422.05,1685.51,876.5,1964.76,296.18,1026.38,2368.53,1183.44,1235.76
10000,1898.97,1452.32,1256.65,226.22,1808.83,1349.22,1484.65,302.8,1016.1,0,1736.36,1699.6,1198.99,1791.79,1212.06,1367.77,1327.54,757.19,1663.19,2118.66,2141.81,599.32,1506.49,619.03,987.16,958.25,88.76,503.05,2059.57,845.54,1430.82,910.03,948.37,1323.97,1055.4,1667.84,737.11,1770.47,1548.57,1742.96,1330.45,581.65,1247.87,1376.64,1593.58,993.17,1423.3,1715.38,687.03,1411.23,991.25,889.51,1170.88,1887.32,1332.12,1138.64,1411.96,893.01,285.64,1658.9,1289.62,169.98,1162.33,1791.09,1893.24,1381.24,1199.47,1495.27,949.84,536.34,1717.63,1479.34,1596,417.49,636,753.96,1057.08,949.74,1281.51,1407.99,1912.04,1368.43,901.36,416.26,1410.14,1295.21,1419.22,315.7,1442.6,1934.18,2128.9,613.93,1512.59,1750.64,1318.36,1657.24,1645.19,2071.56,1148.62,1690.43,1243.9,1377.25,1861.84,2080.28,1304.53,940.16,529.85,2025.22,302.22,1037.51,1649.53,841.54,601.15,1373.17,1025.69,1494.07,1382.94,1417.06,1507.79,1003.28,1958.37,1893.86,1494.07,736.16,2005.87,1235.48,1254.8,1466.31,1341.11,1673.09,1658.54,1397.05,1443.71,1407.63,1434.63,1977.93,1006.12,322.58,1365.71,1438.54,960.53,1434.77,1033.57,1657.47,1024.45,1280.36,174.76,1373.93,817.26,242.42
10000,3061.66,351.55,2200.74,1924.95,2998.3,490.65,2480.37,1737.61,730.07,1736.36,0,2917.33,2309.15,61.59,2806.47,2506.47,2183,2128.1,2898.38,3215.53,856.01,1143.41,2573.87,2270.45,2318.36,1118.05,1752.89,1627.01,684.58,1777.81,383.21,857.44,2058.55,2726.48,2525.8,3002.17,1033.35,45.93,2690.14,107.65,1882.73,1720.97,2420.08,3066.02,142.87,1683.79,2454.93,2735.34,1607.84,398.9,755.14,1121.1,2833.7,3046.77,1891.98,2352.87,392.97,2375.28,1716.71,2985.33,449.44,1885,2830.54,2808.31,3053.65,409.56,2437.81,2587.11,1126.74,2179.33,65.72,2853.73,2894.28,1941.73,2182.63,2371.57,1833.56,1639.98,2097.02,2323.08,3062.25,3056.98,2440.45,1381.39,2772.48,2432.4,396.08,1743.47,354.64,901.02,825.65,1981.64,249.29,20.99,2362.12,2893.41,2964.88,3168.7,2507.15,63.57,2887.03,403.57,2898.02,3198.82,700.17,2358.6,1347.99,3126.64,1722.57,2440.55,2986.47,1766.77,2256.61,3056.28,720.51,2484.36,2743.75,392.75,312.71,744.71,3099.93,3044.51,2441.97,1877.91,3122.75,2115.45,2789.39,2833.64,506.66,227.3,2979.46,392.71,372.43,384.89,360.92,3114.76,736.89,1732.09,456.83,2390.48,1102.22,367.43,2240.13,631.27,2629.51,457.78,1756.08,3059.04,1705.2,1944.08
10000,203.86,2786.65,727.88,1501.83,110.92,2745.46,480.52,1450.99,2397.57,1699.6,2917.33,0,610.7,2949.51,818.58,411,773.42,949.42,41.92,431.68,2794.48,2093.24,367.41,1185.55,715.28,1800.11,1615.4,1409.85,2825.64,1150.96,2780.38,2365.5,879.77,439.72,693.53,215.58,2002.58,2929.35,234.05,2863.43,1123.8,1290.64,507.16,1149,2800.74,1235.25,481.11,329.05,1349.02,2764.21,2380.19,1804.7,1023.38,194.62,1114.37,596.73,2760.44,830.59,1477.03,198.57,2524.98,1716.33,1043.21,326.75,199.52,2726.94,518.49,344.19,1791.72,1227.61,2867.08,318.28,157.1,1283.1,1080.26,1056.22,1087.8,1277.48,855.45,640.73,221.06,1143.33,867.71,1744.32,340.37,486.57,2773.65,1437.96,2774.61,2518.77,2802.32,1107.46,2788.46,2921.01,559.56,47.16,184.58,389.06,554.74,2854.81,952.86,2714.22,311.47,387.97,2230.17,764.16,1692.15,346.23,1461.02,669.96,218.29,1162.01,1202.24,1118.13,2404.65,481.26,357.34,2767.86,2835.39,2393.32,266.67,204.88,538.82,1098.1,320.87,818.7,675.57,314.1,2745.7,2740.53,187.76,2736.85,2790.53,2746.67,2767.76,286.47,2380.29,1440.12,2743.52,571.44,1816.16,2773.52,715.9,2463.81,899.13,2522.45,1851.34,1127.67,1224.47,1493.66
10000,775.3,2176.54,196.25,1040.17,700.31,2137.9,287.89,914.88,1792.86,1198.99,2309.15,610.7,0,2342.64,839.71,201.73,295.09,463.1,589.62,967.94,2242.66,1509.63,314.56,845.01,301.78,1191.18,1110.43,826.75,2256.48,540.87,2170.69,1767.99,279.72,515.79,511.53,703.77,1398.7,2322.26,394.99,2257.83,612,706.23,117.52,1231.57,2191.04,633.54,224.62,521.66,744.04,2154.7,1776.3,1194.17,1011.49,761.12,604.14,131.27,2150.81,519.92,939,685.42,1914.28,1259.57,1025.07,599.53,767.89,2117.38,180.28,311.21,1182.61,843.51,2259.98,589.68,591.24,792.76,675.36,765.74,492.74,671.78,339.97,265.82,781.11,1222.8,615.44,1163.19,514.35,124.18,2164.14,901.2,2164.49,1968.7,2247.2,585.75,2177.76,2313.33,124.94,584.56,664.07,919.14,346.51,2246.93,989.84,2104.46,677.75,938.51,1627.21,421.51,1096.73,872.91,921.77,394.89,689.8,551.88,855.61,1204.38,1799.66,297.68,490.52,2158.26,2225.02,1789.29,824.21,762.46,309.37,510.17,860.31,275.73,725.3,568.04,2138.59,2136.86,678.29,2127.07,2180.72,2136.83,2157.69,841.87,1775.35,899.81,2135.06,262.64,1207.1,2163.57,173.81,1878.61,782.92,1911.78,1367.19,1212.64,614.29,1038.03
10000,3091.08,412.82,2230.29,1978.36,3029.02,551.88,2508.46,1787.48,788.54,1791.79,61.59,2949.51,2342.64,0,2852.76,2538.96,2209.95,2171.14,2931.28,3241.77,815,1200.46,2603.45,2320.79,2358.48,1152.59,1806.88,1672.26,642.21,1814.06,444.4,917.05,2095.07,2766.1,2568.81,3037.99,1083.84,21.71,2721.25,95.58,1904.5,1764.24,2454.41,3116.34,200.59,1714.75,2484.44,2762.02,1648.03,460.26,813.56,1158.97,2882.94,3076.16,1913.82,2389.13,454.41,2419.57,1766.92,3020.96,502.87,1941.59,2880.06,2834.34,3083.04,471.15,2474.06,2617.39,1161.51,2229.77,82.98,2891.71,2929.39,1990.65,2230.12,2420.3,1863.83,1672.1,2123.9,2350.21,3091.24,3107.26,2486.18,1432.58,2810.48,2465.51,457.32,1793.07,416.07,876.38,784.27,2026.25,310.85,42.68,2392.96,2926.37,3000.37,3195.2,2546.66,102.96,2935.21,465.11,2924.06,3225.92,724.76,2401.03,1395.68,3153.53,1772.43,2481.93,3022.46,1803.05,2307.15,3106.24,779.01,2512.23,2781.86,454.1,372.92,803.34,3128.39,3073.61,2468.87,1918.13,3150.21,2144.13,2833.42,2871.48,567.83,228.52,3014.92,454.3,433.49,446.45,422.39,3142.97,794.92,1781.53,518.22,2418.05,1136.99,428.81,2277.28,624.56,2676.8,511.73,1813.91,3109.1,1741.82,1997.5
10000,1001.7,2583.05,1034.97,985.85,915.07,2502.85,1003.57,1085.72,2148.67,1212.06,2806.47,818.58,839.71,2852.76,0,805.49,1134.78,703.61,777.67,1220.58,2942.91,1760.06,924.07,593.17,600.26,1751.97,1150.83,1181.22,2922.1,1139.51,2567.46,2071.24,903.58,407.26,344.28,657.37,1780.96,2831.11,845.42,2783,1429.02,1097.81,755.29,392.52,2670.34,1320.6,948.09,1057.33,1235.99,2548.64,2126.01,1721.59,205.81,997.59,1422.48,711.28,2547.43,448.24,1109.76,661.56,2364.85,1153.34,225.22,1097.08,1000.39,2514.3,667.26,891.01,1741.84,677.03,2771.24,500.33,662.24,876.83,627.37,460.23,1227.59,1331.69,1173.72,1079.8,1023.53,383.96,367.88,1444.98,492.89,801.71,2557.56,1077.38,2571.92,2680.23,2941.48,830.89,2618.96,2816.13,920.52,773.34,661.75,1186.52,493.82,2750.31,153.09,2506.24,1114.8,1171.87,2203.76,502,1459.43,1149.92,1100.32,465.71,642.72,1148.33,611.22,364.81,2157.59,1012.18,487.87,2553.73,2637.57,2139.24,1063.46,1011.25,1060.59,981.63,1121.06,1105.33,144.99,505.28,2497.9,2681.79,668.18,2528.09,2579.62,2538.75,2564.15,1081.62,2134.58,1086.96,2512.18,1043.86,1764.52,2566.8,751.46,2516.39,187.91,2358.52,1312.92,373.2,1196.01,970.01
10000,574.04,2377.86,331.77,1193.29,498.61,2339.63,198.63,1094.29,1994.42,1367.77,2506.47,411,201.73,2538.96,805.49,0,400.51,613.52,392.65,771.33,2410.63,1706.45,148.45,947.48,401.9,1389.12,1280.1,1022.17,2432.55,742.41,2372.17,1968.35,478.7,421.65,524.89,525.46,1600.1,2518.74,194.23,2453.25,750.87,901.66,119.91,1194.02,2389.75,825.59,143.8,351.58,945.41,2356.23,1977.76,1394.07,998.02,559.97,741.99,229.73,2352.31,592.41,1119.3,506,2114.86,1413.24,1014.37,424.69,566.71,2318.9,187.16,129.31,1380.72,963.13,2456.47,446.59,410.45,953.36,798.13,845.24,679.75,866.87,472.5,296.96,580.44,1186.02,670.21,1358.81,384.25,78.92,2365.67,1080.74,2365.81,2135.4,2416.69,755.45,2378.17,2510.26,162.7,387.89,484.17,722.66,338.68,2444.01,958.52,2305.92,494.27,740.02,1820.77,499.24,1296.23,676.15,1102.38,434.53,513.57,753.4,960.81,1164.77,2001.24,207.63,368.05,2359.77,2426.17,1990.76,624.09,561.74,255.33,705.91,662.08,423.83,671.94,425.66,2340.32,2330.99,497.65,2328.52,2382.17,2338.26,2359.03,642.07,1976.92,1080.64,2336.76,245.76,1405.16,2364.96,337.34,2062.27,795.13,2112.48,1531.34,1173.71,815.76,1188.88
10000,887.02,2093.93,103.13,1207.18,834.75,2074.24,301.58,1026.46,1747.16,1327.54,2183,773.42,295.09,2209.95,1134.78,400.51,0,672.68,766.38,1032.75,2021.76,1524.66,407.41,1085.48,576.37,1084.03,1239.83,877.64,2052.61,525.29,2092.44,1745.75,393.85,796.65,804.55,920.55,1365.18,2190.63,539.71,2120.41,352.97,766.49,390.53,1526.64,2076.08,516.2,292.58,552.36,740.45,2078.17,1734.02,1105.31,1305.11,872.03,343.8,424.87,2073.27,794.25,1046.64,900.62,1821.44,1418.63,1318.28,626.13,878.85,2040.83,471.17,429.25,1077.07,1066.51,2128.8,844.95,805.63,957.14,902.74,1026.98,367.6,568.9,86.06,140.36,885.08,1517.86,894.68,1196.01,777.68,359.19,2087.54,1013.12,2081.87,1746.07,2029.24,746.99,2080.06,2184.62,239.78,762.71,878.78,985.75,641.34,2119.64,1284.87,2026.26,715.7,1015.98,1485.31,698.19,1101.39,943.67,1029.32,685.52,909.95,533.97,1093.17,1499.46,1752.71,304.19,757.9,2080.97,2138.31,1746.27,920.29,868.04,258.97,591.62,940.34,93.77,1018.73,823.68,2077.29,1993.41,891.57,2048.42,2101.24,2057.48,2075.7,934.19,1729.01,1007.85,2066.36,209.32,1100.52,2082.78,421.98,1696.56,1073.2,1820.76,1501.8,1507.72,586.73,1209.2
10000,1145.55,1933.51,578.05,580.81,1056.93,1869.49,750.05,502.8,1513.28,757.19,2128.1,949.42,463.1,2171.14,703.61,613.52,672.68,0,914.99,1362.71,2241.96,1166.42,756.28,417.89,234.4,1050.61,670.67,508.79,2218.58,448.57,1921.6,1458.69,293.14,621.64,397.71,946.4,1125.77,2149.68,791.45,2096.95,842.8,407.15,493.91,1042.23,1996.16,642.94,685.16,964.1,534.12,1903.69,1492.86,1024.17,795.61,1133.44,839.2,383.8,1901.37,255.61,529.06,934.32,1696.43,800.86,801.07,1038.17,1139.52,1867.68,442.3,742.28,1040.55,393.88,2088.7,768.21,860.32,340.53,231.4,390.65,585.51,643.75,662.35,708.79,1157.66,1032.64,343.35,821.84,690.77,544.19,1912.94,490.05,1921.88,1982.09,2239.8,162.7,1956.87,2136.27,587.78,909.07,917.83,1315.31,415.12,2069.76,817.59,1857.57,1106.25,1325.29,1503.91,232.13,800.28,1268.85,513.53,322.26,928.47,456.04,423.68,1022.51,1521.45,759.99,661.76,1908.22,1986.35,1506.25,1203.83,1139.3,771.55,279.68,1250.13,597.16,663.93,751.4,1866.95,1990.47,932.02,1880.02,1933.07,1890.45,1914.39,1223.24,1497.41,493.21,1873.72,721.56,1063.61,1918.35,289.61,1812.87,554.63,1691.3,918.28,1028.35,497.54,577.36
10000,244.31,2763.3,715.83,1464.05,151.16,2720.37,479.12,1417.2,2371.45,1663.19,2898.38,41.92,589.62,2931.28,777.67,392.65,766.38,914.99,0,472.47,2788.14,2063.02,364.28,1145.15,680.62,1780.59,1579.37,1380.47,2816.64,1128.26,2756.62,2337.48,854.65,397.82,652.64,190.52,1976.39,2911.01,227.74,2845.78,1118.33,1261.71,482.7,1111.13,2780.66,1218.23,473.9,349.98,1323.76,2740.3,2353.81,1783.6,982.68,235.62,1108.98,568.22,2736.63,791.16,1443.31,171.89,2502.94,1677.99,1002.47,355.48,240.31,2703.09,488.27,338.21,1772.08,1188.08,2848.73,277.58,117.77,1247.16,1041.85,1015.29,1071.98,1259.29,846.97,636.65,262.16,1105.34,826.88,1714.13,298.45,466.01,2749.74,1404.24,2751.27,2512.45,2795.51,1073.93,2766.61,2902.35,546.17,5.95,155.17,430.34,516.68,2836.03,912.88,2690.53,347.24,428.21,2213.41,726.25,1664.23,387.82,1427.42,631.42,190.31,1139.34,1161.91,1080.25,2378.62,480.74,315.57,2744.02,2812.39,2366.97,307.46,246.29,539.42,1070.22,362.16,807.34,634.39,272.79,2720.39,2723.64,160.88,2713.17,2766.88,2723.05,2744.37,327.2,2354.25,1406.65,2718.9,568.27,1796.55,2750.01,687.46,2451.65,857.21,2500.24,1813.92,1089.79,1201.79,1455.68
10000,228.26,3119.66,1024.75,1926.77,321.35,3091.54,739.75,1858.33,2752.87,2118.66,3215.53,431.68,967.94,3241.77,1220.58,771.33,1032.75,1362.71,472.47,0,2986.52,2477.24,661.19,1617.15,1131.54,2113.43,2032.96,1793.32,3041.11,1497.64,3116.51,2733.96,1247.63,866.67,1125.11,564.2,2360.94,3222.62,578.73,3151.56,1348.03,1672.78,886.69,1509.03,3108.66,1541.84,775.42,480.52,1708.18,3101.51,2737.39,2129.43,1420,237.08,1338.43,990.11,3097.01,1260.99,1883.89,559.05,2849.83,2143.07,1440.3,407.47,232.19,3064.09,921.45,657.99,2106.05,1657.97,3160.91,729.82,571.7,1701.17,1507.9,1487.77,1390.76,1591.1,1118.64,893.04,210.79,1504.86,1299.33,2129.99,766.96,849.84,3110.93,1844.97,3107.58,2713.99,2998.57,1515.52,3110.19,3216.94,879.31,478.15,559.3,48.82,982.75,3152.13,1341,3050.15,317.78,49.28,2517.01,1191.03,2064.25,95.17,1867.32,1098.71,578.14,1508.3,1633.78,1478.87,2759.26,734.68,786.42,3104.63,3165.53,2750.18,165.03,227.79,773.93,1476.85,112.94,1104.49,1083.33,731.09,3093.34,3023.53,552.42,3072.55,3125.82,3081.9,3101.17,145.28,2735.08,1845.88,3086.17,826.9,2129.87,3107.81,1105.38,2710.4,1320.97,2848.62,2274.49,1488.23,1569.45,1919.38
10000,2888.18,1146.62,2078.89,2267.36,2848.25,1270.51,2315.83,2017.72,1332.06,2141.81,856.01,2794.48,2242.66,815,2942.91,2410.63,2021.76,2241.96,2788.14,2986.52,0,1648.27,2427.21,2520.55,2365.2,1229.34,2122.27,1828.82,173.61,1804.95,1176.3,1468.4,2062.66,2740.13,2612.67,2936.09,1420.23,816.74,2561.27,752.65,1670.75,1876.08,2360.05,3277.47,912.35,1636.42,2314.31,2534.43,1722.22,1184.52,1351.39,1282.14,3030.87,2873.45,1680.21,2329.88,1176.36,2495.51,2005.87,2916.62,1042.59,2310.57,3033.88,2593.82,2879.96,1175.55,2409.05,2450.69,1239.38,2437.27,802.76,2831.88,2821.07,2184.75,2378.57,2581.03,1757.31,1616.81,1941.87,2154.07,2881.78,3267.9,2584.88,1727.25,2754.91,2351.35,1186.32,2017.65,1143.51,275.71,31.27,2136.49,1037.59,837.13,2248.83,2784.45,2894.78,2945.55,2530.99,830.06,3059.14,1161.26,2679.4,2983.65,838.71,2444.97,1631.26,2911.1,2004,2502.23,2923.99,1795.74,2511.93,3259.92,1325.05,2316.2,2729.56,1179.96,1130,1347.8,2909.76,2866.63,2261.47,1962.43,2916.11,1986.8,2881.84,2810.27,1287.03,687.06,2908.19,1163.01,1170.12,1160.23,1146.42,2920.08,1327.47,2003.95,1234.63,2223.78,1220.95,1156.39,2240.42,486.52,2794.93,1054.45,2225.99,3265.12,1746.9,2285.29
10000,2276.89,853.1,1489.45,805.2,2194.66,753.43,1764.29,681.8,417.35,599.32,1143.41,2093.24,1509.63,1200.46,1760.06,1706.45,1524.66,1166.42,2063.02,2477.24,1648.27,0,1821.21,1181.71,1394.68,664.89,629.83,684.65,1540.07,1002.12,831.97,314.41,1229.97,1786.26,1539.42,2111.79,271.26,1179.48,1900.28,1158.44,1379.77,804.95,1593.93,1965.28,1000.6,1043.12,1714.99,2021.92,785.45,812.41,392.37,592.47,1747.95,2263.38,1385.41,1497.1,812.96,1375.29,656.2,2099.06,703.04,741.96,1741.52,2100.78,2269.95,782.04,1574.91,1820.63,661.94,1091.74,1129.32,1934.56,2021.27,888,1139.64,1302.48,1170.81,987.01,1453.07,1642.68,2285.13,1956.74,1414,348.93,1857.13,1627.69,820.52,692.13,843.32,1483.36,1630.34,1003.82,914.49,1158.65,1606.93,2057.26,2081.88,2428.47,1581.11,1100.71,1813.56,777.93,2183.53,2446.47,825.74,1391.06,423.29,2382.11,668.18,1486.24,2094,992.7,1165.54,1959.57,426.97,1771.91,1828.08,818.18,908.58,404.21,2329.62,2266.4,1752.09,1000.54,2368.52,1433.33,1776.52,1917.82,746.36,1102.01,2096.25,797.78,844.82,808.37,835.34,2347.93,408.18,685.01,768.14,1693.64,656.57,835.59,1378.4,1165.29,1573.6,692.88,615.08,1961.05,937.98,823.9
10000,487.8,2463.01,373.17,1337,428.7,2431.75,115.42,1227.24,2091.82,1506.49,2573.87,367.41,314.56,2603.45,924.07,148.45,407.41,756.28,364.28,661.19,2427.21,1821.21,0,1095.9,549.75,1462.09,1418.34,1140.01,2459.94,836.46,2458.97,2073.29,592.17,523.74,664.6,534.44,1699.76,2583.7,137.09,2515.52,756.47,1019.66,263.78,1305.93,2461.87,890.98,119.03,208.93,1047.42,2443.65,2076.25,1473.81,1122.35,472.92,747.02,373.68,2439.34,740.04,1251.71,514.17,2195.52,1557.05,1139.57,285.67,479.81,2406.23,335.54,34.52,1454.27,1111.26,2521.58,508.12,423.57,1094.52,945.84,992.57,740.5,937.54,490.95,273.32,489.01,1298.37,815.54,1475.98,463.47,212.12,2453.08,1213.59,2450.93,2151.5,2435.21,892.7,2457.4,2576.52,218.22,361.24,492.94,612.48,479.38,2510.85,1075.98,2392.6,363.36,635.81,1880.5,647.49,1405.13,567.1,1234.57,580.39,526.92,847.13,1109.26,1275.98,2098.25,118.22,455.14,2446.91,2509.82,2089.05,528.43,471.03,177.9,823.8,557.73,460.44,784.8,489.66,2433.29,2390.4,504.1,2415.08,2468.52,2424.58,2444.38,544.46,2074.05,1212.67,2427.04,204.23,1478.42,2450.78,472.92,2102.51,930.32,2193.85,1672.04,1285.16,908.38,1333.13
10000,1389.35,2021.77,987.45,392.83,1296.24,1932.52,1117.77,533.73,1583.28,619.03,2270.45,1185.55,845.01,2320.79,593.17,947.48,1085.48,417.89,1145.15,1617.15,2520.55,1181.71,1095.9,0,551.28,1292.66,560.64,692.39,2473.03,814.19,2003.85,1495.64,710.89,763.97,494.09,1107.43,1237.13,2299.09,1091.11,2258.75,1254.09,651.94,838.08,795.58,2130.48,1014.08,1051.23,1291.8,811.53,1984.63,1559.65,1246.12,567.53,1380.08,1251.13,734.81,1984.14,361.99,553.87,1102.28,1822.26,568.97,562.44,1357.65,1385.07,1951.7,760.35,1073.76,1282.52,91.27,2241.46,917.18,1056.59,339.02,187.91,141.21,985.77,1000.6,1079.61,1106.08,1406.38,786.54,320.73,889.7,860.24,894.2,1993.25,528.9,2011.11,2276.16,2514.13,421.66,2067.22,2282.04,967.79,1139.39,1092.36,1573.66,642.44,2217.84,632.03,1945.11,1410.52,1573.36,1724.1,448.9,932,1529.47,548.77,527.64,1089.39,818.5,18.55,786.14,1592.51,1127.94,836.86,1990.03,2077,1572.61,1452.21,1389.66,1150.99,634.8,1505.58,1013.55,645.62,908.44,1926.37,2168.85,1104.16,1966.34,2016.36,1977.04,2003.21,1472.01,1570.43,541.05,1944.57,1107.4,1302.13,2004.93,676.64,2060.93,405.87,1814.77,725,788.71,841.02,376.85
10000,912.46,2141.59,473.3,799.32,823.23,2084.07,566.51,737.04,1729.2,987.16,2318.36,715.28,301.78,2358.48,600.26,401.9,576.37,234.4,680.62,1131.54,2365.2,1394.68,549.75,551.28,0,1216.95,901.77,723.28,2357.05,565.46,2131.3,1681.39,306.01,408.71,256.19,717.47,1337.3,2337.29,566.62,2280.43,834.71,611.14,287.97,979.82,2190.23,730.46,499.97,752.37,710.54,2113.83,1709.64,1200.91,744.78,900.58,828.76,183.66,2111.08,219.22,763.25,704.44,1896.06,1018.2,755.77,823.03,906.58,2077.33,218.42,530.7,1207.26,561.62,2275.6,545.71,627.62,569.7,396.23,464.36,628.36,748.51,596.32,567.54,925.1,970.55,318.34,1047.65,465.94,343.56,2123.17,724.21,2129.8,2097.67,2365.85,394.82,2158.7,2325.27,420.18,674.7,687.2,1084.55,190.92,2258.5,739.75,2066.4,885.55,1093.19,1670.02,121.89,1014.57,1038.28,747.58,137.85,699.81,575.54,563.43,955.24,1737.06,576.68,436.67,2118.12,2193.42,1723,971.39,906.86,601.3,440.45,1018.73,526.35,518.35,527.47,2082.34,2168.45,701.57,2088.99,2142.42,2099.28,2122.47,990.9,1712.83,727.06,2086.5,560.51,1231.29,2126.97,158.44,1959.76,504.5,1891.69,1144.05,962.64,631.14,793.46
10000,1949.31,1010.79,1090.39,1049.71,1883.15,1000.44,1373.99,791.7,703.55,958.25,1118.05,1800.11,1191.18,1152.59,1751.97,1389.12,1084.03,1050.61,1780.59,2113.43,1229.34,664.89,1462.09,1292.66,1216.95,0,920.84,600.28,1182.06,662.43,1010.54,746.03,943.5,1620.98,1442.67,1885.5,402.45,1132,1574.61,1069.83,830.04,658.34,1302.1,2062.83,1000.91,571.86,1343.74,1633.45,516.51,996.99,696.81,75.36,1818.15,1934.52,838.04,1237.05,991.71,1305.75,781.82,1868.4,737.42,1127.32,1819.39,1708.92,1941.41,959.84,1321.93,1473.48,10.22,1208.4,1069.74,1741.84,1776.81,955.7,1158.65,1360.34,722.94,524.66,999.45,1221.88,1951.09,2053.32,1385.54,550.64,1660.72,1314.59,1006.26,790.71,998.75,994.9,1222.04,924.94,996.76,1122.5,1247.63,1775.59,1847.79,2065.69,1401.78,1055.99,1855.01,944.69,1798.1,2093.42,454.07,1272.56,428.4,2022.25,778.48,1346.07,1870.04,651.49,1283.54,2047.35,706.86,1378.82,1632.37,999.47,1054.44,707.04,1990.21,1933.06,1340.89,781.01,2016.28,1008.94,1712.4,1721.34,1005.25,953.4,1862.34,966.59,1018.9,975.36,992.76,2005.78,685.48,776.9,989.23,1286.73,16.49,1000.12,1126.5,770.79,1590.2,736.83,1079.71,2051.88,591.02,1066.8
10000,1814.08,1480.6,1168.28,175.37,1724.3,1383.24,1395.96,217.68,1041.92,88.76,1752.89,1615.4,1110.43,1806.88,1150.83,1280.1,1239.83,670.67,1579.37,2032.96,2122.27,629.83,1418.34,560.64,901.77,920.84,0,428.32,2046.69,762.68,1460.52,943.94,859.74,1245.43,978.82,1588.11,736.01,1785.39,1461.71,1753.96,1249.85,499.23,1160.22,1335.7,1610.57,916.07,1334.68,1627.26,612.73,1441.03,1017.47,855.16,1121.86,1802.3,1251.25,1051.19,1441.25,815.16,202.96,1578.73,1304.02,218.05,1114.55,1703.12,1808.27,1409.75,1112.94,1407.39,911.96,473.94,1730.93,1400.42,1514.17,332.32,559.6,690.77,974.55,874.45,1194.74,1319.42,1826.87,1327.21,829.22,397.13,1330.04,1207.23,1449.31,230.11,1470.47,1906.92,2110.57,525.67,1535.39,1766.36,1229.66,1573.42,1564.62,1985.71,1066.03,1704.74,1191.19,1404.69,1774.28,1994.94,1288.78,858.42,495.28,1939.31,218.73,956.08,1569.81,759.11,543.46,1330.44,1051.41,1405.37,1302.53,1446.69,1536.11,1029.96,1873.17,1808.63,1405.31,648.77,1920.24,1147.98,1186.45,1386.91,1376.04,1678.21,1578.1,1425.12,1473.28,1435.77,1462.51,1892.68,1030.7,238.06,1397.75,1349.79,924.52,1463.3,945.42,1640.66,962.92,1295.3,261.98,1331.75,737.49,194.11
10000,1592.27,1424.73,826.04,495.25,1510.41,1362.03,1089.96,227.53,1006.44,503.05,1627.01,1409.85,826.75,1672.26,1181.22,1022.17,877.64,508.79,1380.47,1793.32,1828.82,684.65,1140.01,692.39,723.28,600.28,428.32,0,1781.13,360.42,1412.86,959.58,547.85,1127.06,903.67,1439.1,617.05,1650.65,1215.81,1601.79,831.56,120.56,909.29,1469.44,1492.69,490.42,1037.23,1343.52,184.44,1394.98,986.6,555.19,1227.31,1578.75,833.84,813.21,1392.62,749.11,231.4,1425.25,1190.27,643.69,1227.14,1422.23,1585.32,1358.93,892.24,1137.96,590.15,608.46,1590.47,1268.78,1343.92,356.13,566.21,765.25,565.95,446.77,817.95,981.33,1600.49,1460.02,814.05,336.66,1189.22,943.52,1404.24,220.45,1413.1,1587.99,1822.03,355.37,1449.37,1636.14,928.7,1374.75,1407.16,1744.6,913.49,1570.06,1271.04,1348.78,1503.21,1762.08,1036.57,740.85,292,1698.16,219.54,829.84,1421.69,354.12,683.3,1455.5,1014.42,1098.14,1159.95,1399.49,1477.61,999.97,1645,1581.76,1084,316.63,1684.21,783.9,1163.37,1250.72,1359.91,1501.52,1421.69,1371.23,1424.3,1381.66,1405.61,1663.34,990.26,207.48,1365.55,1025.72,609.77,1409.56,694.24,1369.17,1008.73,1184.76,672.3,1459.53,319.52,508.87
10000,2930.56,984.84,2102.17,2198.82,2885.47,1112.34,2351.12,1957.93,1200.76,2059.57,684.58,2825.64,2256.48,642.21,2922.1,2432.55,2052.61,2218.58,2816.64,3041.11,173.61,1540.07,2459.94,2473.03,2357.05,1182.06,2046.69,1781.13,0,1792.27,1015.17,1338.77,2059.26,2742.66,2599.02,2956.65,1327.36,644.54,2591.62,582.65,1706.65,1838.62,2373.94,3243.85,747.7,1635.78,2344.54,2579.6,1689.85,1024.46,1221.48,1227.05,2998.43,2915.69,1716.25,2335.72,1016.47,2473.86,1944.13,2937.57,902.43,2226.41,3000.21,2642.37,2922.33,1017.84,2417,2481.52,1192.26,2387.31,633.05,2842.51,2842.18,2134.68,2340.33,2542.25,1765.47,1610.55,1970.21,2188.37,2925.57,3234.32,2559.26,1649.62,2763.99,2369.52,1025.68,1959.01,982.45,347.07,142.52,2103.36,874.77,665.39,2272.54,2812.65,2915.85,2998.64,2529.41,661.3,3031.98,1004.33,2729.54,3035.35,758.56,2429.65,1563.38,2962.37,1943.74,2492.59,2943.72,1782.49,2463.28,3227.77,1193.19,2352.26,2737.71,1019.63,965.27,1216.74,2955.77,2909.76,2299.52,1940.83,2965.58,2010.17,2869.48,2821.02,1128.98,526.67,2929.6,1004.55,1008.32,1001.09,985.82,2967.1,1197.82,1945.55,1076.27,2258.46,1171.76,995.51,2240.32,412.13,2767.02,914.39,2132.45,3232.51,1730,2217.2
10000,1314.2,1635.76,488.01,777.67,1240.99,1597.88,767.67,545.33,1255.51,845.54,1777.81,1150.96,540.87,1814.06,1139.51,742.41,525.29,448.57,1128.26,1497.64,1804.95,1002.12,836.46,814.19,565.46,662.43,762.68,360.42,1792.27,0,1629.82,1238.74,281.1,962.03,808.01,1224.37,863.4,1793.29,934.19,1732.14,490.59,263.9,645.96,1490.02,1656.03,200.09,723.65,1028.68,216.71,1613.84,1239.81,657.64,1243.73,1299.81,491.16,575.11,1609.94,694.85,560.19,1207.61,1374.78,965.22,1249.5,1107.25,1306.63,1576.52,660.05,841.51,653.22,755.92,1731.11,1079.62,1117.08,553.73,635.18,826.23,211.93,195.19,460.13,640.58,1318.83,1480.44,789.68,670.73,998.57,664.96,1623.28,533.44,1623.71,1540.82,1804.47,392.86,1638.53,1783.06,618.35,1123.01,1187.25,1448.94,744.02,1716.36,1262.04,1563.6,1192.82,1471.67,1111.01,640.03,579.3,1403.52,544.03,700.34,1208.66,11.09,813.17,1469.71,1262.02,774.67,970.34,1617.4,1684.43,1252.63,1360.79,1300.3,751.23,179.85,1393.44,432.61,1077.9,1059.05,1598.88,1615.51,1201.84,1586.2,1639.86,1595.97,1616.89,1377.81,1237.8,524.72,1594.55,692.93,677.68,1622.73,464.19,1394.34,1001.41,1372.01,1019.28,1475.76,73.53,785.56
10000,2942.37,31.89,2091.81,1635.72,2870.65,107.5,2377.1,1482.25,420.57,1430.82,383.21,2780.38,2170.69,444.4,2567.46,2372.17,2092.44,1921.6,2756.62,3116.51,1176.3,831.97,2458.97,2003.85,2131.3,1010.54,1460.52,1412.86,1015.17,1629.82,0,522.28,1902.37,2538.31,2314.48,2838.78,795.83,428.61,2563.2,453.71,1833.81,1520.5,2273.93,2793.8,271.55,1576.97,2342.23,2638.34,1434.52,19.63,444.3,987.7,2571.38,2927.83,1842.28,2193.77,20.23,2155.86,1458.77,2823.51,282.72,1566.71,2566.05,2714.85,2934.68,53.97,2277.59,2467.24,1016.86,1912.87,405.96,2676.26,2736.96,1690.96,1940.3,2117.17,1727.49,1526.18,2008.59,2228.84,2946,2785.12,2209.08,1122.48,2595.7,2294.77,13.2,1490.25,32.79,1152.04,1148.2,1765.31,142.28,403.6,2241.55,2751.25,2804.22,3068.31,2322.22,373.31,2632.7,66.37,2803.48,3094.1,709.93,2153.56,1121.49,3024.01,1467.52,2242.49,2822.01,1618.81,1988.49,2787,411.35,2382.52,2566.48,13.84,79.97,431.45,2986.86,2927.62,2347.39,1697.67,3016.29,2014.2,2567.83,2657.39,123.45,489.36,2818.87,44.02,13.01,35.39,30.86,3003.26,433.66,1480.51,75.06,2292.08,994.08,20.22,2076.22,823.5,2384.19,280.01,1426.47,2788.83,1556.42,1654.58
10000,2542.17,545.45,1724.07,1119.28,2463.36,439.55,2006.2,988.24,138.62,910.03,857.44,2365.5,1767.99,917.05,2071.24,1968.35,1745.75,1458.69,2337.48,2733.96,1468.4,314.41,2073.29,1495.64,1681.39,746.03,943.94,959.58,1338.77,1238.74,522.28,0,1489.73,2080.33,1840.52,2398.3,381.23,897,2162.51,887.87,1551,1076.54,1860.44,2279.56,716.81,1239.17,1962.06,2267.42,1025.87,502.65,117.31,690.1,2062.19,2528.22,1557.96,1769.27,503.94,1677.72,963.29,2384.64,445.7,1044.46,2055.85,2345.97,2534.92,474.5,1849.96,2076.1,747.48,1405.44,852.66,2225.56,2303.47,1196.31,1447.97,1615,1380.49,1183.54,1668.02,1872.76,2548.77,2271.04,1721.24,637.89,2146.77,1889.48,510.34,997.74,536.41,1347.28,1446.42,1297.35,617.25,874.47,1855.84,2331.83,2366.66,2685.16,1870.48,821.91,2127.25,472.45,2431.49,2706.07,714.85,1687.26,673.35,2639.32,974.1,1780.63,2380.8,1228.39,1479.58,2273.95,146.85,2013.04,2117.54,508.63,600.55,122.55,2592.16,2530.08,1987.03,1267.41,2627.81,1658.37,2083.3,2208.03,432.11,853.94,2381.18,490.9,535.25,501.26,528.49,2609.86,141.08,989.55,455.76,1929.19,732.43,527.65,1650.02,1007.83,1885.39,434.06,905.85,2275.41,1168.81,1137.91
10000,1052.45,1909.51,310.89,815.09,974.59,1865.83,546.7,653.47,1518.02,948.37,2058.55,879.77,279.72,2095.07,903.58,478.7,393.85,293.14,854.65,1247.63,2062.66,1229.97,592.17,710.89,306.01,943.5,859.74,547.85,2059.26,281.1,1902.37,1489.73,0,685.37,560.97,943.92,1123.16,2074.28,672.91,2013.23,556.65,427.54,372.62,1275.73,1935.95,426.3,491.02,796.28,469.26,1885.93,1500.87,937.81,1034.88,1038.49,552.26,294.43,1882.35,482.25,676.08,927.38,1651.92,1029,1043.85,874.86,1045.2,1848.76,379.34,590.68,934.3,681.46,2012.12,798.98,837.7,564.43,523.7,675.98,324.29,448.77,372.33,459.78,1059.13,1266.32,585.26,883.92,718.06,399.79,1895.37,639.81,1897.51,1793.81,2064.01,353.49,1915.81,2063.94,382.57,849.23,907.2,1198.83,470.17,1997.22,1038.55,1836.37,955.37,1217.87,1390.98,404.84,817.58,1152.58,658.64,443.82,928.05,292.07,716.25,1252.5,1525.03,555.41,690.02,1889.71,1959.09,1513.95,1102.73,1040.42,548.52,232.01,1139.72,310.39,824.1,778.3,1865.97,1896.4,921.83,1859.02,1912.73,1868.96,1890.53,1120.62,1500.68,636.67,1864.25,491.79,958.77,1896.03,183.84,1666.8,790.55,1648.77,1120.84,1259.48,353.35,816.47
10000,639.01,2549.06,706.97,1111.44,546.73,2489.09,613.46,1111.96,2133.37,1323.97,2726.48,439.72,515.79,2766.1,407.26,421.65,796.65,621.64,397.82,866.67,2740.13,1786.26,523.74,763.97,408.71,1620.98,1245.43,1127.06,2742.66,962.03,2538.31,2080.33,685.37,0,272.53,345.91,1743.28,2744.97,438.21,2687.27,1127.72,1017.86,406.95,782.45,2598.79,1106.92,564.96,650.28,1118.71,2520.69,2113.3,1607.66,611.31,631.73,1119.8,411.42,2518.08,431.05,1138.33,339.21,2304.7,1316.94,629.89,692.36,635.88,2484.34,337.34,489.81,1611.44,817.38,2683.18,155.7,296.2,920.33,688.46,628.39,983.22,1133.44,853.22,714.27,658.37,775,443.32,1443.23,99.75,439.51,2530,1100.2,2537.31,2468.46,2742.84,783.31,2567.24,2733.2,562.1,392.58,328.5,826.46,219.47,2666.41,556.21,2473.65,716.59,820.51,2072.38,395.73,1419.04,784.99,1124.23,300.05,327.65,972.63,781.57,752.4,2141.41,621.18,84.31,2525.07,2601.15,2126.68,702.51,643.3,674.25,848.78,758.52,791.12,263.89,144.79,2486.92,2573.91,340.55,2496.2,2549.54,2506.54,2529.93,721.96,2117.27,1105.41,2492.35,667.25,1635.66,2534.3,502.65,2352.09,460.52,2300.29,1462.07,761.61,1031.17,1100.67
