0,10000,10000,10000,10000,10000
10000,0,2979.46,1753.92,2608.79,2828.69
10000,2979.46,0,1886.79,1227.44,275.64
10000,1753.92,1886.79,0,962.91,1630.14
10000,2608.79,1227.44,962.91,0,954.59
10000,2828.69,275.64,1630.14,954.59,0
10000,0,2979.46,1753.92,2608.79,2828.69
10000,2979.46,0,1886.79,1227.44,275.64
10000,1753.92,1886.79,0,962.91,1630.14
10000,2608.79,1227.44,962.91,0,954.59
10000,2828.69,275.64,1630.14,954.59,0
